0  [23 23 23]
1  [  1 107 107]
2  [23 41 41]
3  [23 44 44]
4  [ 4 31 31]
5  [ 5 35 35]
6  [  6 125 125]
7  [  7 106 106]
8  [ 8 31 31]
9  [23 31 31]
10  [10 31 31]
11  [11 44 44]
12  [ 12 116 116]
13  [ 13 107 107]
14  [23 23 23]
15  [15 44 44]
16  [ 16 106 106]
17  [23 44 44]
18  [ 23 125 125]
19  [ 23 107 107]
20  [20 31 31]
21  [21 44 44]
22  [22 42 42]
23  [23 23 23]
24  [24 31 31]
25  [ 25 116 116]
26  [26 44 44]
27  [27 31 31]
28  [23 23 28]
29  [29 39 39]
30  [23 49 49]
31  [23 23 31]
32  [ 23 116 116]
33  [23 23 33]
34  [ 34 116 116]
35  [23 41 41]
36  [23 41 41]
37  [ 23 106 106]
38  [ 23 116 116]
39  [23 44 44]
40  [ 23 106 106]
41  [41 31 41]
42  [42 31 42]
43  [ 43 116 116]
44  [23 31 44]
45  [23 31 45]
46  [46 46 46]
47  [23 23 47]
48  [48 31 48]
49  [23 48 49]
50  [50  0  0]
51  [51  0  0]
52  [52  0  0]
53  [53  0  0]
54  [54  0  0]
55  [55  0  0]
56  [23 48 56]
57  [23 44 57]
58  [58  0  0]
59  [59  0  0]
60  [60  0  0]
61  [61  0  0]
62  [62  0  0]
63  [63  0  0]
64  [64  0  0]
65  [65  0  0]
66  [ 66 116 116]
67  [67  0  0]
68  [68  0  0]
69  [69  0  0]
70  [70  0  0]
71  [71  0  0]
72  [72  0  0]
73  [73  0  0]
74  [74  0  0]
75  [ 75 125 125]
76  [76  0  0]
77  [77  0  0]
78  [78  0  0]
79  [79  0  0]
80  [80  0  0]
81  [81  0  0]
82  [82  0  0]
83  [83  0  0]
84  [84  0  0]
85  [85  0  0]
86  [86  0  0]
87  [87  0  0]
88  [88  0  0]
89  [89  0  0]
90  [90  0  0]
91  [91  0  0]
92  [92  0  0]
93  [93 42 93]
94  [94  0  0]
95  [95  0  0]
96  [ 96 146 146]
97  [97  0  0]
98  [98  0  0]
99  [99  0  0]
100  [100   0   0]
101  [101   0   0]
102  [102   0   0]
103  [103   0   0]
104  [104   0   0]
105  [105   0   0]
106  [106  96 106]
107  [107  93 107]
108  [108   0   0]
109  [109   0   0]
110  [110   0   0]
111  [111   0   0]
112  [112   0   0]
113  [113   0   0]
114  [114   0   0]
115  [115   0   0]
116  [116  56 116]
117  [117   0   0]
118  [118   0   0]
119  [119   0   0]
120  [120   0   0]
121  [121   0   0]
122  [122   0   0]
123  [123   0   0]
124  [124   0   0]
125  [125  57 125]
126  [126   0   0]
127  [127   0   0]
128  [128   0   0]
129  [129   0   0]
130  [130   0   0]
131  [131   0   0]
132  [132   0   0]
133  [133   0   0]
134  [134   0   0]
135  [135   0   0]
136  [136   0   0]
137  [137   0   0]
138  [138   0   0]
139  [139   0   0]
140  [140   0   0]
141  [141   0   0]
142  [142   0   0]
143  [143 143  93]
144  [144   0   0]
145  [145   0   0]
146  [146  75 146]
147  [147   0   0]
148  [148   0   0]
149  [149   0   0]
150  [150   0   0]
151  [151   0   0]
152  [152   0   0]
153  [153   0   0]
154  [154   0   0]
155  [155   0   0]
156  [156   0   0]
157  [157   0   0]
158  [158   0   0]
159  [159   0   0]
160  [160   0   0]
161  [161   0   0]
162  [162   0   0]
163  [163   0   0]
164  [164   0   0]
165  [165   0   0]
166  [166   0   0]
167  [167   0   0]
168  [168   0   0]
169  [169   0   0]
170  [170   0   0]
171  [171   0   0]
172  [172   0   0]
173  [173   0   0]
174  [174   0   0]
175  [175   0   0]
176  [176   0   0]
177  [177   0   0]
178  [178   0   0]
179  [179   0   0]
180  [180   0   0]
181  [181   0   0]
182  [182   0   0]
183  [183   0   0]
184  [184   0   0]
185  [185   0   0]
486.0